3 0.430174 0.898416 0.073622 0.056105
2 0.447945 0.226799 0.068550 0.069304
2 0.510144 0.688019 0.081239 0.047857
2 0.880809 0.116238 0.081245 0.069308
2 0.543147 0.954521 0.091396 0.042902
2 0.699284 0.198745 0.099013 0.052804
2 0.343854 0.825810 0.068550 0.046206
2 0.695478 0.740825 0.055854 0.044552
2 0.175024 0.738350 0.101552 0.059406
2 0.460638 0.588183 0.068544 0.033004
1 0.804645 0.303531 0.035548 0.041251
1 0.208029 0.576633 0.060933 0.049503
2 0.512684 0.515577 0.091396 0.059406
2 0.299425 0.240000 0.116781 0.052804
