2 0.794276 0.748295 0.066552 0.062704
2 0.473497 0.520574 0.074534 0.052804
2 0.530730 0.451266 0.087851 0.042903
2 0.698443 0.464467 0.071874 0.042907
1 0.594621 0.671564 0.039931 0.037955
1 0.701103 0.682294 0.077195 0.036295
1 0.860833 0.742520 0.077184 0.044556
1 0.715744 0.859681 0.063891 0.034653
1 0.875471 0.619581 0.058563 0.039605
1 0.225922 0.243345 0.058569 0.039601
1 0.096813 0.476844 0.077201 0.034656
1 0.598615 0.804401 0.074540 0.039605
1 0.402951 0.617932 0.098500 0.056106
2 0.568000 0.571728 0.109149 0.052804
