2 0.296895 0.553665 0.060723 0.046205
2 0.232668 0.725282 0.081745 0.046205
2 0.145086 0.687329 0.074738 0.049504
2 0.888949 0.745085 0.067732 0.042904
2 0.763999 0.664227 0.074736 0.082509
2 0.846911 0.615547 0.044375 0.057757
2 0.407831 0.251686 0.053716 0.049504
2 0.728967 0.312741 0.032697 0.042906
1 0.834065 0.401026 0.056054 0.041254
1 0.597009 0.310266 0.049047 0.044553
1 0.668243 0.257461 0.070064 0.044555
2 0.490743 0.670827 0.088751 0.049506
2 0.435858 0.806141 0.058388 0.062705
2 0.803702 0.827593 0.074736 0.033003
2 0.329593 0.597395 0.056054 0.057757
