2 0.717646 0.516539 0.071757 0.046204
1 0.185640 0.341622 0.056911 0.052804
1 0.325447 0.852348 0.064334 0.044555
1 0.457830 0.282215 0.086604 0.039604
1 0.534537 0.821820 0.086604 0.066006
1 0.230179 0.620499 0.076708 0.059406
1 0.262348 0.287991 0.086604 0.057755
1 0.580314 0.550368 0.054437 0.047854
1 0.580314 0.595747 0.054437 0.036303
1 0.585263 0.648553 0.074234 0.049505
1 0.078001 0.616374 0.079181 0.047854
1 0.392256 0.186505 0.069284 0.059406
1 0.580314 0.891952 0.084131 0.057757
2 0.618668 0.257463 0.071757 0.056105
