2 0.647262 0.811873 0.078327 0.052803
2 0.363618 0.331675 0.075957 0.026401
2 0.517902 0.815173 0.047471 0.042905
3 0.542823 0.452962 0.059343 0.044553
3 0.534516 0.695537 0.042729 0.031350
3 0.581987 0.656758 0.109184 0.033003
3 0.609284 0.959563 0.092570 0.057756
2 0.318521 0.666661 0.099695 0.039604
2 0.243753 0.562699 0.054595 0.049502
2 0.304278 0.433160 0.094941 0.047854
2 0.605722 0.230190 0.090200 0.067658
2 0.757629 0.176559 0.071209 0.062705
3 0.760003 0.316824 0.075957 0.066010
2 0.330390 0.594876 0.099689 0.051155
2 0.470428 0.493392 0.085446 0.039604
2 0.758817 0.419135 0.064090 0.056108
2 0.686423 0.498341 0.075957 0.049502
2 0.679302 0.673260 0.061714 0.029702
2 0.494164 0.363027 0.066461 0.059404
2 0.310214 0.734315 0.102060 0.039604
2 0.229513 0.648507 0.064085 0.029702
