3 0.889849 0.777250 0.073601 0.028054
3 0.305091 0.652660 0.092693 0.033004
3 0.598151 0.937315 0.073608 0.047853
1 0.870764 0.609760 0.079062 0.029702
1 0.922564 0.662564 0.057247 0.033004
1 0.085639 0.596557 0.100870 0.049505
1 0.065189 0.660913 0.054523 0.039602
1 0.584523 0.212067 0.068154 0.042908
2 0.659489 0.643587 0.059977 0.044556
1 0.191959 0.215369 0.040893 0.029702
1 0.287371 0.179888 0.106316 0.054455
1 0.708559 0.881209 0.076331 0.031355
1 0.731732 0.938967 0.073601 0.037953
1 0.701747 0.270648 0.095416 0.044556
1 0.140163 0.707118 0.062700 0.029702
1 0.498646 0.398537 0.114493 0.039602
1 0.756267 0.611408 0.073608 0.032999
