4 0.617015 0.964793 0.017746 0.020102
2 0.504426 0.592069 0.025246 0.020197
2 0.188909 0.579741 0.017951 0.012203
4 0.578313 0.992048 0.026366 0.015905
4 0.667235 0.980519 0.022439 0.013885
1 0.258096 0.558701 0.011036 0.007303
2 0.449693 0.587414 0.033738 0.018322
2 0.491803 0.646978 0.030295 0.017250
2 0.543579 0.557192 0.018825 0.014119
6 0.257652 0.580549 0.011866 0.012713
1 0.546791 0.973640 0.010556 0.011686
1 0.567930 0.926768 0.010767 0.013123
1 0.596251 0.964502 0.011033 0.007546
1 0.234674 0.477015 0.009991 0.008145
1 0.225116 0.501616 0.009994 0.008470
1 0.283278 0.645484 0.010712 0.008520
1 0.323118 0.583314 0.008134 0.005890
