6 0.409537 0.427997 0.008352 0.004130
4 0.382356 0.483148 0.015028 0.008266
1 0.555847 0.344872 0.011898 0.005818
1 0.607315 0.352729 0.010352 0.006979
1 0.483944 0.382406 0.006722 0.005240
1 0.487500 0.515951 0.017000 0.012391
1 0.450986 0.507474 0.008880 0.007177
1 0.407713 0.483349 0.008889 0.006740
1 0.410995 0.467807 0.010046 0.004344
6 0.356440 0.429503 0.005009 0.003380
6 0.363787 0.480500 0.008352 0.004698
6 0.347759 0.451667 0.008352 0.004135
6 0.447273 0.407523 0.007676 0.003755
6 0.630074 0.454857 0.006204 0.004651
6 0.643523 0.454711 0.010343 0.009599
6 0.630593 0.465477 0.009315 0.005526
6 0.570838 0.517602 0.005009 0.002255
6 0.579185 0.507268 0.007019 0.003005
6 0.525921 0.529810 0.005343 0.003005
6 0.474991 0.532065 0.003667 0.003380
6 0.416051 0.525305 0.006009 0.003005
6 0.470648 0.525208 0.013019 0.004323
6 0.397181 0.472331 0.007009 0.003380
6 0.375144 0.440115 0.004343 0.004323
