3 0.392832 0.743795 0.012012 0.009676
3 0.408329 0.578261 0.006796 0.005395
1 0.272204 0.584709 0.008795 0.005097
1 0.333694 0.659127 0.005030 0.005139
3 0.038253 0.285431 0.066714 0.060842
3 0.145661 0.536370 0.032047 0.044449
3 0.183746 0.550842 0.043398 0.036179
3 0.150151 0.911635 0.013912 0.010434
1 0.385490 0.756307 0.013346 0.009343
0 0.359031 0.707175 0.012975 0.006907
0 0.324411 0.735183 0.010652 0.009097
1 0.305440 0.748960 0.008290 0.003918
3 0.254540 0.696473 0.010626 0.006464
3 0.360084 0.728164 0.010203 0.008880
3 0.182351 0.934917 0.006706 0.005489
