5 0.216516 0.612563 0.016641 0.011668
5 0.009141 0.706841 0.018282 0.013565
1 0.250736 0.355413 0.012966 0.009239
3 0.073461 0.482693 0.030022 0.015256
1 0.055784 0.540805 0.015980 0.005813
1 0.333372 0.628980 0.009629 0.005648
0 0.200490 0.647562 0.014469 0.010311
6 0.057239 0.525369 0.032448 0.024333
0 0.096949 0.552066 0.015013 0.013802
0 0.307675 0.577565 0.011576 0.007869
0 0.316537 0.534833 0.009767 0.008682
0 0.010047 0.681843 0.018834 0.016949
0 0.245479 0.557691 0.015907 0.012241
0 0.211522 0.397281 0.014832 0.009226
0 0.022116 0.231352 0.030389 0.016551
1 0.077163 0.665301 0.008705 0.007293
1 0.260900 0.688663 0.009408 0.005155
1 0.284773 0.445361 0.013614 0.009245
1 0.074860 0.700052 0.008191 0.007681
1 0.089706 0.703507 0.007168 0.006911
1 0.195687 0.604477 0.007677 0.005761
1 0.146282 0.585470 0.007168 0.005376
1 0.013271 0.739483 0.013761 0.008948
1 0.060417 0.555434 0.013320 0.013808
1 0.205753 0.510091 0.011654 0.005654
5 0.070045 0.611614 0.026731 0.017477
5 0.181079 0.609302 0.021244 0.012853
5 0.141328 0.640916 0.015764 0.012338
5 0.114253 0.630636 0.017824 0.010282
5 0.099370 0.592489 0.027116 0.019615
1 0.263510 0.532252 0.009076 0.007296
1 0.273633 0.495168 0.006153 0.007053
