0 0.526161 0.725857 0.016606 0.009427
2 0.250330 0.481614 0.037707 0.026597
2 0.264693 0.505178 0.061045 0.018517
2 0.214419 0.519152 0.037707 0.031645
2 0.324169 0.538844 0.015712 0.013802
2 0.224521 0.488682 0.015708 0.013802
2 0.276813 0.536320 0.025138 0.012121
0 0.657506 0.324843 0.018027 0.011720
0 0.576982 0.303209 0.022832 0.012617
0 0.353141 0.209692 0.021032 0.014870
0 0.392215 0.252736 0.019801 0.010823
3 0.572215 0.659033 0.040225 0.032581
3 0.683756 0.493420 0.062841 0.021036
0 0.681421 0.582035 0.008307 0.011299
1 0.449590 0.659116 0.017427 0.009916
3 0.722718 0.482513 0.014003 0.009346
3 0.613385 0.472191 0.036356 0.023760
3 0.670773 0.428954 0.017142 0.012856
3 0.666885 0.459934 0.035462 0.042756
3 0.708405 0.465656 0.041300 0.021881
3 0.606060 0.656823 0.029875 0.034916
3 0.630307 0.562696 0.047332 0.056739
3 0.601645 0.622260 0.081874 0.032332
