3 0.392818 0.637160 0.009073 0.009727
3 0.128635 0.493236 0.029177 0.010699
3 0.144195 0.514873 0.012318 0.007293
3 0.257648 0.452150 0.014911 0.008270
3 0.423289 0.631568 0.009078 0.015074
3 0.363969 0.606527 0.009729 0.006805
3 0.381474 0.689672 0.008427 0.010695
3 0.360729 0.697451 0.013615 0.009723
3 0.372073 0.656852 0.010375 0.011180
3 0.385039 0.627436 0.009078 0.007777
3 0.425266 0.632703 0.008271 0.013695
3 0.393221 0.638000 0.008266 0.005687
3 0.139849 0.492584 0.008646 0.011113
3 0.304727 0.491889 0.027172 0.006020
3 0.247299 0.486795 0.032109 0.010652
3 0.381677 0.687617 0.007927 0.007234
3 0.377198 0.658287 0.018948 0.007496
3 0.384260 0.627662 0.004823 0.004652
3 0.364622 0.606344 0.008266 0.003359
3 0.386156 0.607895 0.005167 0.015766
3 0.432992 0.593621 0.008901 0.012180
3 0.146924 0.515508 0.014276 0.008828
3 0.118544 0.495363 0.011734 0.006484
