2 0.099739 0.594922 0.119728 0.590772 0.128949 0.582468 0.135098 0.574858 0.135098 0.568632 0.128949 0.561020 0.116650 0.556870 0.101275 0.552718 0.090512 0.552027 0.075136 0.563096 0.075136 0.583162 0.096661 0.594922
2 0.161236 0.570706 0.168927 0.567248 0.159700 0.559637 0.152015 0.558946 0.145861 0.565863 0.153551 0.574167 0.155087 0.574167
2 0.152015 0.605993 0.170463 0.605993 0.171999 0.598382 0.170463 0.590078 0.164314 0.588696 0.155087 0.590078 0.145861 0.592154 0.124336 0.600458 0.141253 0.610145 0.148938 0.605301
0 0.205626 0.278728 0.398943 0.261939 0.607522 0.268806 0.746574 0.280252 0.812712 0.303145 0.734706 0.261939 0.644831 0.234468 0.456601 0.205471 0.331111 0.210811 0.244630 0.235993 0.195452 0.268806 0.202233 0.279490
10 0.193584 0.553610 0.262751 0.522485 0.384804 0.500517 0.555681 0.506007 0.661438 0.522475 0.755065 0.560931 0.746906 0.614027 0.783519 0.652475 0.689924 0.669755 0.596405 0.630441 0.595534 0.657108 0.523137 0.731201 0.392941 0.729370 0.250545 0.716554 0.140692 0.678108 0.120349 0.641490 0.108143 0.628674 0.152898 0.557272 0.201721 0.555441
2 0.754711 0.600458 0.763938 0.600458 0.782386 0.603225 0.803911 0.605993 0.843889 0.609451 0.854651 0.615679 0.850038 0.631593 0.830049 0.639895 0.810065 0.649581 0.788540 0.648890 0.771623 0.641279 0.745490 0.630900 0.756253 0.618446 0.751639 0.601150 0.751639 0.596998
2 0.336460 0.300066 0.362843 0.296108 0.387756 0.304681 0.373099 0.312596 0.355512 0.311936 0.339390 0.310618 0.334995 0.304681
2 0.241193 0.290172 0.277838 0.290172 0.283698 0.280279 0.279303 0.271047 0.258780 0.270387 0.210419 0.264451 0.201623 0.278301 0.206019 0.290172 0.242663 0.291493
2 0.402413 0.275002 0.434657 0.274343 0.453709 0.264451 0.450779 0.255877 0.424395 0.255877 0.395087 0.273025
2 0.338050 0.663419 0.367260 0.665493 0.368802 0.675179 0.359575 0.677949 0.344199 0.679331 0.330365 0.677949 0.314989 0.673105 0.318061 0.662725 0.334978 0.662034
2 0.270403 0.639895 0.287315 0.638510 0.296536 0.639895 0.307298 0.645429 0.307298 0.650963 0.301149 0.653733 0.296536 0.655115 0.284237 0.657191 0.273475 0.657191 0.255027 0.649581 0.259641 0.641279 0.267326 0.636436
