2 0.318136 0.588969 0.313316 0.570900 0.354221 0.568644 0.368655 0.591225
2 0.633169 0.540319 0.650306 0.541662 0.648402 0.549700 0.639840 0.552831 0.631265 0.547025
2 0.426099 0.509687 0.426405 0.532500 0.464314 0.538500 0.487483 0.529500 0.484154 0.523563 0.472969 0.511437
2 0.426099 0.494556 0.452117 0.489975 0.458615 0.472425 0.445606 0.462506 0.406591 0.461744 0.396831 0.473188 0.395206 0.482344 0.417976 0.494556
2 0.650839 0.165456 0.650839 0.168125 0.652730 0.173475 0.660320 0.174812 0.666964 0.174812 0.679308 0.176594 0.687856 0.176594 0.691651 0.176594 0.693542 0.171244 0.689747 0.164119 0.678362 0.162781 0.666019 0.162781 0.655579 0.164119 0.653675 0.165900
2 0.579640 0.148525 0.581545 0.148525 0.597683 0.154319 0.609068 0.156544 0.616658 0.156544 0.621411 0.156544 0.628056 0.153425 0.630905 0.150306 0.630905 0.145406 0.625206 0.141394 0.611917 0.137831 0.597683 0.139613 0.583435 0.144069 0.576791 0.146744
2 0.703156 0.771356 0.718469 0.782537 0.732077 0.782537 0.747377 0.784131 0.762690 0.784131 0.769494 0.781737 0.779707 0.771356 0.779707 0.766569 0.769494 0.759381 0.755885 0.756188 0.737177 0.755387 0.720160 0.758581 0.715060 0.766569 0.711664 0.772156 0.709960 0.773750
2 0.251771 0.575794 0.258722 0.576725 0.269654 0.575325 0.274621 0.570662 0.274621 0.568800 0.271651 0.563200 0.263702 0.560869 0.255752 0.560400 0.248788 0.561331 0.241838 0.564131 0.239840 0.565531 0.237856 0.572062 0.237856 0.573925 0.246804 0.576725 0.248788 0.576725
2 0.632503 0.610912 0.727057 0.619894 0.686538 0.645256 0.644887 0.644200
2 0.171358 0.516694 0.190613 0.502012 0.262796 0.513306 0.245952 0.538150 0.193023 0.546056
2 0.135273 0.419569 0.202636 0.396981 0.238735 0.417313 0.238735 0.435381 0.188202 0.445544
