1 0.719784 0.640962 0.724186 0.640962 0.725648 0.640225 0.726628 0.635806 0.726628 0.633231 0.724186 0.632125 0.721736 0.631763 0.718804 0.632494 0.714892 0.634706 0.712442 0.637650 0.719294 0.641694
2 0.504859 0.232275 0.523704 0.221638 0.514277 0.214544 0.492292 0.216906 0.492292 0.221638 0.509568 0.237000
2 0.369826 0.583994 0.373879 0.580175 0.368812 0.576362 0.361711 0.577125 0.360698 0.581700 0.362724 0.585519 0.368812 0.584756
2 0.714842 0.683606 0.720100 0.671075 0.718347 0.661844 0.714842 0.659206 0.708704 0.659206 0.702575 0.661188 0.697317 0.668438 0.695556 0.677013 0.705199 0.684269 0.713090 0.685588
1 0.770058 0.627550 0.776196 0.621613 0.778821 0.613038 0.773563 0.605788 0.764801 0.612381 0.763048 0.615019 0.761296 0.621613 0.765673 0.628869 0.769186 0.629525
1 0.695822 0.691325 0.691437 0.688688 0.687932 0.688025 0.680922 0.688688 0.676545 0.694625 0.677417 0.700556 0.680050 0.701875 0.687932 0.702537 0.695822 0.702537 0.697575 0.702537 0.700208 0.696600 0.697575 0.691325
2 0.599103 0.251188 0.594394 0.227544 0.581827 0.229913 0.567691 0.233456 0.566113 0.240550 0.583397 0.248819 0.594394 0.253550
2 0.764145 0.633162 0.756570 0.623469 0.749751 0.618337 0.744452 0.628031 0.745963 0.635437 0.752782 0.639431 0.767932 0.637150 0.768688 0.633731
1 0.752234 0.665263 0.763389 0.651525 0.751221 0.643131 0.742093 0.647712 0.738040 0.653050 0.742093 0.665263 0.751221 0.665263
2 0.689360 0.736994 0.697475 0.735469 0.698488 0.724781 0.690382 0.721731 0.682267 0.727838 0.681254 0.734700 0.689360 0.744625 0.689360 0.744625
2 0.342932 0.776162 0.352317 0.778806 0.372267 0.769981 0.361711 0.760269 0.348804 0.756737 0.342932 0.757619 0.335897 0.762031 0.333547 0.775275 0.342932 0.776162
